Course	Room	Teacher	Time	Students
359	STOAUD	190	2	1145 713 594 296 293 590 199 738 527 520 1025 443 441 35 34 1156 336 745 851 1081 6 1066 740 747 554 233 1058 1 614 613 912 942 684 622 495 20 405 933 1028 829 700 618 702 792 1132 588 625 453 454 656 975 978 188 11 17 888 324 759 205 204 206 693 68 1010 413 499 1177 861 363 380 386 387 573 252 251 939 731 734 502 500 467 461 960 877 1157 647 1116 649 1153 357 801 215 212 766 957 4 280 285 678 1093 987 989 981 771 302 1165 754 229 226 225 1020 1184 608 1114 481
651	STOAUD	246	3	343 710 298 299 597 195 193 445 642 339 99 96 746 555 230 613 689 137 490 24 23 404 402 932 937 1069 628 370 374 393 392 80 583 580 177 974 1123 651 18 884 887 205 72 804 669 125 1011 921 1134 830 388 259 509 507 637 167 1091 879 877 871 1152 284 677 263 262 260 55 530 538 114 110 119 424 309 825 826 821 1166 222 1027 721 152 1111 489 484 471
737	STOAUD	119	7	593 195 445 100 339 99 96 236 137 24 23 927 402 937 628 80 585 580 926 177 974 651 18 804 669 125 1011 1134 830 362 507 637 167 1091 879 1152 1070 284 1083 263 262 538 114 110 424 825 826 1166 1027 484 471
709	STOAUD	56	10	1175 1183 1162 1103 592 196 1017 441 447 106 38 905 336 1120 236 495 139 22 408 1069 1060 700 1170 170 180 1125 752 324 759 78 411 364 66 250 960 1104 766 957 1079 777 895 750 728 5 483
322	SHAAUD	-5	10	340 293 593 444 332 742 551 230 146 687 491 395 248 977 652 764 883 887 1032 779 693 1010 923 837 362 573 734 500 460 164 968 1090 600 871 893 355 673 261 531 988 918 305 1166 757 1160 46 45
333	STOAUD	-6	14	293 196 444 106 439 235 1007 491 589 519 620 977 1032 208 1143 692 698 834 1174 575 1172 636 1109 600 1033 283 671 673 261 50 985 115 45
297	SHAAUD	172	14	191 436 854 758 456 324 76 669 121 573 576 501 1079 675 771 754 153
729	CHSAUD	-9	14	810 741 395 601 1110 1123 764 883 836 837 250 531 305 841 821 46
313	STOAUD	188	16	527 443 35 642 554 689 927 1028 829 377 584 1132 588 626 451 181 11 13 16 204 206 1042 693 1010 776 732 468 467 9 1116 288 4 285 671 673 536 531 981 1026 1022 158 398 47 43 1173 489 481
478	STOAUD	33	22	813 592 275 447 37 90 141 912 687 1069 975 184 13 17 885 752 756 698 125 127 508 507 631 637 9 891 894 359 215 4 280 777 111 423 425 895 847 1165 1046 1184 1113 479
202	STOAUD	167	27	1061 199 524 523 39 236 26 403 87 587 626 624 174 973 654 188 867 885 326 779 70 662 543 540 381 258 252 602 631 633 901 1129 1076 678 1092 1171 534 421 423 609 470
15	STOAUD	22	39	278 1017 1025 6 96 26 88 81 85 454 457 175 977 1080 652 653 16 19 752 598 990 765 413 574 730 891 1116 766 1092 823 1165 1161 44 479
548	SHAAUD	107	39	343 810 106 645 332 1000 741 551 230 1054 949 491 601 1110 883 1140 664 697 998 410 250 164 600 893 355 671 672 988 841 821 1160 159 46
172	STOAUD	257	40	1183 1162 290 190 35 1053 614 495 584 924 170 656 253 662 542 127 255 467 9 891 647 210 1092 1022 609 1161 47 44 43 638
563	STOAUD	261	43	716 35 436 335 26 933 1060 170 656 978 1125 12 759 662 1128 1010 318 1177 861 380 385 258 647 767 1079 282 981 823 1037 154
7	SHAAUD	178	43	1015 338 1098 131 135 371 706 791 185 660 694 548 999 313 783 1155 898 354 214 1097 57 52 429 304 853 562 563 1022 482
344	CHSAUD	248	43	915 196 108 107 1156 91 490 393 864 887 666 997 418 499 572 908 909 879 877 763 1093 533 530 538 987 773 1127 152 484
365	SHA410	192	43	444 431 235 146 147 1007 709 395 798 245 519 518 977 883 1032 1045 1143 698 543 1016 834 575 460 934 1033 673 539 985 918
328	SHAAUD	212	40	916 911 910 526 105 33 149 85 171 971 756 1041 120 365 384 789 730 733 630 1158 674 267 264 58 57 303 1029
209	SHAAUD	230	7	915 594 290 591 192 438 1002 139 792 1136 1088 10 209 2 1049 542 602 165 213 767 1076 1164 954 1026 635 398 1113
585	SHAAUD	97	22	911 910 291 191 430 819 83 799 243 459 179 62 1032 1141 667 498 365 360 959 58 52 539 113 424 40 1185
308	SHAAUD	304	2	528 95 558 232 138 707 797 795 924 180 863 756 328 991 67 256 1129 1108 353 51 774 980 307 561 158 470
632	CHSAUD	134	39	342 39 38 34 1058 1139 139 1028 585 453 455 669 68 318 368 386 500 467 461 162 210 957 1039 750 1026 481
192	CHSAUD	26	22	273 330 1137 173 1122 320 121 129 417 782 789 65 466 1108 265 268 54 53 1171 827 1024 1167 44 486
412	SHA410	27	22	347 710 445 109 555 24 370 511 517 971 1047 496 388 604 500 908 537 824 225 222 152 608 1111 484
454	SHAAUD	290	16	294 275 852 815 1056 145 681 89 86 246 615 62 320 661 540 123 389 788 1109 1034 1159 1180 1112
549	CHSAUD	77	40	714 445 905 1066 554 232 912 684 372 7 1080 184 12 70 694 414 3 783 1073 288 428 824 1166 471
631	SHAAUD	225	27	196 439 742 147 1005 395 519 518 977 883 208 1045 668 664 697 836 1174 1033 283 261 985 115 159 477
374	CHSAUD	168	16	715 606 297 738 746 24 393 455 974 973 321 364 381 735 960 1091 877 800 51 302 1039 608 5
618	SHA410	4	40	1064 199 270 527 337 992 377 793 580 1136 11 10 18 413 169 1129 801 1031 306 750 224 1024 724
62	HLS109	87	40	810 712 710 522 137 379 395 241 884 929 1011 418 832 833 1102 532 983 113 1068 565 157 749
321	ESTW307	276	40	346 813 1182 528 104 39 559 703 798 970 1032 1174 807 806 673 114 770 722 1111 1173 486 477
458	CHSAUD	276	27	276 444 93 557 1052 1139 406 709 620 207 367 168 9 114 771 841 821 849 1164 223 1161 1111
573	SHA410	296	16	1144 913 522 431 1005 406 1176 245 247 518 1012 779 1045 543 1016 410 934 356 539 953 1117 477
91	SHA410	43	14	816 917 432 942 490 20 28 1008 887 921 383 570 509 1091 285 260 55 535 119 825 1035
98	HLS109	4	14	910 1013 133 22 403 409 179 19 209 124 1134 830 254 603 935 1074 4 1093 987 855 485
500	ESTW307	137	14	340 645 332 1000 551 1054 1059 148 709 248 71 1140 664 697 998 410 367 506 893 355 1160
659	CHSAUD	180	7	644 558 147 686 133 130 7 625 182 8 127 839 389 65 69 936 212 536 827 224 722
704	SHA410	318	7	443 854 740 623 405 408 758 371 653 880 204 699 544 364 365 783 163 1127 1046 1023 1114
65	HLS109	285	7	294 275 852 900 815 742 1056 145 681 89 86 246 615 320 655 661 123 1034 1159 1112
436	SHA410	297	39	292 528 859 1085 231 932 707 797 183 187 189 889 995 319 577 281 1083 307 1038 474
160	HLS109	2	39	976 997 123 211 954 48 487
204	SHA410	54	27	1145 712 593 102 33 858 137 401 379 580 864 997 126 383 1107 909 303 565 41
239	HLS109	133	27	812 911 274 108 104 1081 234 374 589 615 510 516 753 666 410 922 497 781
295	SHAAUD	145	3	911 197 520 104 741 249 650 699 542 363 787 254 960 806 428 420 302 1161 1114
305	ESTW307	67	39	337 1120 746 142 143 610 371 925 513 201 78 310 604 508 870 807 218 755 486
431	STO10	317	39	448 94 97 239 680 375 794 1137 244 171 1126 366 785 860 897 219 1003 59 488
448	HLS105	163	39	812 736 523 1015 434 748 1055 944 131 378 373 184 938 73 805 314 360 761 475
298	CHSAUD	226	2	196 439 1000 742 1005 491 589 208 668 664 692 836 1174 968 283 671 261 115
386	CHSAUD	201	10	191 190 377 376 650 1088 205 769 921 832 259 670 55 985 429 1113 1163 487
669	HLS109	224	16	521 1025 95 552 514 126 411 508 169 894 648 1086 1001 151 153 1118 480 475
45	ESTW307	179	16	619 195 614 143 768 589 696 923 496 570 259 968 50 1164 399 958 472
50	STO10	261	16	816 193 900 558 81 585 450 1110 324 995 416 579 574 1079 918 1036 609
115	CHSAUD	97	3	590 190 818 1057 131 829 702 84 206 255 212 989 223 726 155 399 638
399	HLS109	293	22	1183 297 905 1150 22 1136 881 1043 66 67 735 633 1104 896 737 728
583	ESTW307	304	22	101 236 148 493 189 660 411 1138 381 505 464 1086 1072 1083 1121 532 153
108	SHA410	105	3	525 599 337 333 1 510 176 975 181 659 416 312 468 961 679 474
460	SHA410	71	10	342 233 684 657 1128 725 939 636 965 1153 1070 676 263 534 823 49
547	STO10	8	22	343 810 106 741 742 230 1059 491 709 798 601 977 71 671 953 841
714	HLS105	67	16	813 1120 940 937 926 456 185 884 202 695 68 268 701 423 755 227
370	HLS109	318	43	718 717 39 401 86 246 510 174 72 868 412 1109 984 227 1115
565	SHA410	273	2	279 1067 91 148 660 1128 508 464 169 894 648 1001 720 153 42
24	HLS109	23	2	917 903 556 83 624 545 1181 497 784 632 761 674 156 476
29	ESTW307	215	7	736 198 238 946 683 629 322 778 1181 1094 537 116 727 49
282	ESTW307	122	27	714 193 433 92 490 1136 13 881 928 1031 111 301 847 489
546	STO10	227	27	1103 1064 529 992 688 686 25 84 979 831 322 368 469 535
615	HLS105	134	27	192 277 623 704 705 89 659 203 415 161 961 807 1074 846
720	ESTW307	95	2	748 1050 951 940 623 627 1148 202 549 417 311 1099 775 223
163	STO10	82	2	349 1098 140 708 88 976 654 120 125 367 350 676 958
268	ESTW307	54	43	1145 712 102 858 768 379 376 1089 321 923 383 113 478
323	HLS109	44	3	438 745 91 1058 144 85 15 2 414 776 602 898 823
445	ESTW307	88	3	446 101 22 1132 1131 1040 598 999 574 502 872 1023 48
457	STO10	46	3	199 441 1066 625 66 162 678 675 987 771 225 749
576	HLS105	68	3	528 859 622 455 182 77 1041 769 868 860 762 56 853
614	HLS108	33	3	552 234 146 607 513 314 577 61 1108 1090 532 774 564
33	STO10	212	14	449 447 80 78 8 991 312 503 282 989 116 737
69	HLS105	62	14	712 1063 372 185 950 321 861 258 1107 357 422 958
106	STO10	188	40	96 586 587 511 1047 697 968 908 1157 63 773 569
107	ESTW309	296	3	444 431 235 1007 406 1032 1143 410 834 575 953 757
217	HLS105	146	40	1063 851 740 829 880 894 215 283 1037 723 635 483
360	HLS108	124	40	276 742 89 540 310 839 214 676 827 1034 228 485
375	HLS108	185	14	817 274 525 408 828 459 627 653 781 676 672 853
481	ESTW309	259	14	36 559 1057 617 516 1040 1138 1171 300 304 306 820
553	STO16	85	14	448 103 867 200 780 732 802 1003 281 269 118 739
574	HLS109	85	10	643 438 237 792 450 16 1140 664 315 860 1094 982
684	HLS105	261	22	606 10 1044 8 787 1094 775 724 722 723 721 43
692	STO10	330	43	331 1059 1028 625 787 939 734 1102 679 674 53 721
740	HLS105	159	43	1110 1123 837 250 1172 636 463 164 531 305 159 45
58	STO10	157	7	342 430 140 886 1179 203 665 287 670 53 1024
64	HLS105	107	7	810 551 230 949 601 998 164 893 988 841 821
72	HLS105	21	2	744 396 451 14 996 498 786 675 150 49 955
96	HLS108	134	43	296 100 1080 1042 166 357 670 843 155 638 1163
211	HLS108	75	27	292 848 1098 933 869 1155 855 563 567 390 483
213	ESTW309	282	27	341 279 521 640 237 990 382 1090 803 480 475
224	STO16	18	27	430 98 232 182 1088 663 366 504 502 165 213
341	HLS108	257	7	34 743 25 1170 834 503 466 288 1021 158 481
355	HLL7	83	27	590 1017 492 453 124 1177 966 425 1039 754 224
433	ESTW309	61	7	514 620 862 788 1154 264 849 569 390 608 634
462	ESTW309	238	43	1149 295 271 446 557 1052 922 367 855 849 390
476	HLS108	254	39	191 1156 1150 312 3 387 782 872 801 762 116
747	ESTW309	166	39	272 37 436 330 688 993 781 576 501 112 771
150	HLS108	276	16	346 557 620 168 807 429 821 722 1161 1111
267	ESTW307	116	10	716 951 249 326 76 1042 121 782 1037 724
309	CHS101	300	27	346 591 443 747 143 139 21 456 677 391
347	STO16	19	43	902 907 439 857 375 658 1044 882 789 964
349	STO16	251	7	552 234 146 513 577 61 1090 532 774 564
352	HLL7	182	43	290 333 856 743 1071 266 986 112 485 955
363	HLL7	189	14	945 768 588 626 864 928 725 466 54 895
377	CHS101	323	14	291 1014 134 799 959 168 890 1072 112 751
385	STO10	245	10	606 902 28 933 708 601 970 461 56 820
411	STO16	56	3	292 1085 231 82 183 995 319 505 307 1038
416	HLS105	169	10	88 799 310 388 168 1158 218 956 57 824
479	HLS108	329	10	717 240 1044 68 415 386 387 989 1165 1046
26	HLL7	113	7	197 273 495 517 414 1104 876 229 723
93	CHS101	248	7	666 997 418 909 800 533 773 422 1068
121	GST101	41	7	1064 20 129 251 501 633 874 647 47
144	ESTW309	165	10	83 978 805 548 648 266 302 562 564
238	STO16	232	10	275 517 79 1049 665 549 878 350 217
311	GST101	241	27	348 768 130 929 328 759 546 898 221
315	HLS108	232	22	105 33 1009 546 993 574 733 210 825
332	ESTW309	112	22	277 818 796 247 178 838 1096 873 729
372	CHS101	39	43	1183 1162 1103 447 1120 22 66 766 728
484	GST101	30	43	1175 336 885 70 416 920 419 965 1034
487	SHA412	78	7	1135 1053 406 791 838 506 355 772 1117
514	CHS104	292	7	270 92 237 17 805 385 162 1153 154
590	HLS108	39	2	1175 592 1017 38 170 414 895 728 5
603	ESTW309	85	16	859 941 655 544 315 367 860 1094 982
606	ESTW309	180	40	345 817 1014 852 667 160 963 873 763
19	STO16	160	40	1013 747 235 828 245 966 954 487
127	HLL7	127	40	713 272 436 702 188 209 165 282
181	STO16	18	16	106 555 394 203 311 1174 730 269
188	HLL7	39	16	292 932 189 889 319 505 281 474
235	SHA412	195	43	348 435 744 494 79 1047 69 1036
236	GST101	74	14	109 613 951 130 492 658 833 774
243	STO16	75	39	1004 937 970 922 962 855 1027 483
319	SHA412	238	14	1149 558 1139 922 1155 806 1031 483
350	CHS104	88	14	348 330 21 249 176 996 128 498
395	HLL107	241	14	194 902 452 1148 320 417 1154 59
429	CHS101	296	40	1012 1074
437	HLL7	132	3	30 641 437 550 791 832 1068 1163
675	HLL7	76	39	1060 188 202 546 868 961 1073 537
60	CHS101	127	39	336 144 403 1170 888 468 215
118	GST101	110	39	994 132 136 654 540 1096 878
123	SHA217	170	14	907 334 129 835 1073 534 225
147	STO102	73	14	435 178 663 462 646 1068 634
155	STO18	195	14	1062 550 936 352 217 1036 150
439	SHA412	61	27	594 738 1025 656 324 313 537
442	CHS101	300	3	346 910 688 582 924 384 221
444	STO16	75	22	933 937 509 1155 563 1027 483
459	HLL7	7	22	192 272 1051 1049 544 216 41
466	CHS101	266	22	340 341 448 1016 254 503 934
488	GST101	267	40	1056 132 708 173 351 849 390
489	GST101	43	22	811 31 404 886 697 1091 1117
536	ESTW309	118	2	1150 616 317 780 802 1003 739
545	CHS104	228	27	717 916 857 684 628 264 701
577	SHA412	196	22	1135 903 848 925 211 1169 283
581	HLL107	254	27	454 255 1157 767 536 777 722
640	HLL107	27	7	298 431 6 1005 929 72 664
687	HLL7	43	10	1145 744 683 23 1084 1011 361
741	WDS	196	14	719 1018 241 964 800 309 749
21	SHA412	72	39	813 416 411 260 1127 728
128	CHS104	87	39	1144 347 102 93 1176 666
129	SHA412	118	40	1150 616 27 375 780 1003
134	CHS101	160	10	718 906 1018 1008 207 698
184	GST101	76	10	453 181 363 966 872 54
228	SHA412	237	10	349 392 627 253 983 639
290	CHS104	153	10	711 294 1146 545 788 1097
312	CHS104	237	40	553 881 328 318 1154 898
325	HLL107	48	10	591 836 380 166 807 486
336	HLL107	28	39	912 693 776 385 679 1093
407	HLL107	239	40	278 869 952 287 1151 1167
427	SHA217	320	40	643 612 1146 870 897 843
516	CHS104	194	43	402 703 189 928 256 980
611	HLL107	251	43	299 559 685 586 863 577
665	SHA217	323	43	1182 238 374 240 785 561
711	STO102	320	43	715 592 844 1051 808 897
731	CHS101	228	16	194 99 1098 128 835 892
9	SHA217	281	10	446 1053 1082 451 996
22	STO102	122	10	714 433 1131 928 731
28	STO18	145	10	595 903 935 358 117
39	GST101	317	16	1139 659 549 838 568
52	SHA412	304	16	915 1061 553 703 175
79	GST101	14	3	196 900 952 461 463
87	CHS104	133	22	528 104 1004 406 922
111	CHS104	153	16	595 273 1 687 1075
149	HLL107	292	16	869 313 967 770 422
168	SHA217	242	16	340 332 1059 248 998
251	STO16	230	2	526 333 941 547 560
318	SHA217	269	39	433 934 874 1155 1099
327	SHA217	98	7	888 769 967 1102 539
378	SHA217	207	27	187 833 577 256 426
388	WDS	15	10	1081 651 123 1095 567
440	HLL107	171	22	349 900 976 1126 389
495	SHA217	29	22	866 207 311 356 119
532	HLS11	245	14	37 1099 772 849 1111
557	HLS11	187	10	437 132 936 986 822
560	HLL6	54	10	994 1135 93 459 327
572	HLL7	267	2	145 681 661 361 1021
612	SHA412	205	3	1061 703 515 175 464
628	CHS104	18	3	1062 450 323 356 488
660	CHS101	126	2	913 147 247 1140 953
721	GST101	153	2	335 758 392 999 871
746	SHA412	218	2	186 655 1159 565 1180
3	CHS104	99	2	407 78 416 385
81	STO102	174	22	557 926 1177 874
84	STO102	143	40	1062 100 119 560
116	STO18	52	22	1144 757 567 477
132	WDS	320	22	197 1147 465 755
133	HLL107	27	2	347 1063 142 218
277	SHA217	272	2	1051 1071 426 303
294	STO102	-4	2	164
338	HLL107	199	3	1005 1176 779 1016
351	HLL6	325	14	406 518 1045 934
408	STO18	21	40	74 79 163 150
432	SHA217	54	3	619 946 160 962
467	STO102	97	27	133 650 1105 530
483	HLS11	218	22	854 2 695 956
492	STO18	101	27	275 641 788 967
502	STO18	259	2	1040 419 803 425
528	WDS	282	40	271 803 151 42
535	STO102	174	7	1065 684 81 350
610	HLL6	179	22	620 77 533 983
613	HLL112	202	22	643 943 402 792
655	STO18	50	43	1144 913 1140 567
686	WDS	77	43	16 659 1146 1078
707	HLS11	196	43	943 925 118 739
717	WDS	182	27	511 76 263 262
718	HLL6	202	43	204 889 75 544
12	HLL112	68	43	681 732 1180
27	OBS	151	43	201 677 1029
59	HLL112	196	10	75 780 802
63	OBS	31	10	519 1043 1143
86	STO119	225	10	245 543 539
89	STO207	159	10	645 741 183
90	STO301	230	10	396 1133 560
100	STO18	137	7	491 671 305
124	WDS	297	7	13 579 737
136	HLS11	132	40	790 167 984
158	STO102	71	39	570 265 843
175	WDS	166	2	682 315 1169
177	STO18	17	39	743 793 217
180	WDS	48	39	592 704 17
199	STO102	239	16	745 122 479
214	HLL6	241	40	711 1169 982
223	HLL112	170	40	141 1071 222
256	HLS11	266	27	614 950 726
292	HLL6	316	27	242 603 720
324	HLS11	189	7	135 976 221
383	STO18	255	16	664 697 1160
401	WDS	14	16	1122 326 415
406	HLL6	317	7	346 94 785
409	HLL112	56	7	231 87 307
422	HLL201	226	10	816 431 798
438	STO14	323	10	101 95 1050
443	ARTS8A	90	10	298 680 896
474	OBS	189	40	705 545 1078
477	HLL112	233	14	624 289 421
519	STO119	141	40	1054 463 988
554	HLS11	19	16	616 384 1172
627	HLL6	112	16	438 223 220
630	HLL112	69	16	645 71 506
662	OBS	248	16	102 556 548
664	STO119	196	16	1002 828 739
732	STO207	68	16	97 171 1179
4	STO301	151	16	704 658
47	HLL201	107	16	125 837
74	STO14	159	16	1083 46
99	STO207	57	40	1005 1091
102	STO301	90	40	794 568
140	HLL201	311	40	751 563
169	HLS11	160	2	598 600
197	STO14	11	40	1019 289
205	ART15	199	10	1005 1016
237	HLS204	57	10	410 1117
240	HLL6	329	2	446 790
244	HLL112	320	2	715 643
260	HLS11	153	39	665 352
269	OBS	255	2	949 159
275	STO119	133	2	295 1139
283	STO207	71	2	242 835
335	STO301	281	2	1019 161
396	HLL201	330	2	15 896
419	STO14	53	2	292 319
423	ARTS8A	225	2	245 918
452	OBS	330	7	642 186
463	STO119	188	7	919 726
522	OBS	199	22	949 893
533	ARTS8A	320	16	1130 244
555	STO119	215	22	655 727
558	STO207	106	22	1085 995
579	ARTS8A	284	40	709 672
629	ART15	104	40	334 822
689	HLS204	36	40	15 572
734	ROB7	112	40	172 329
1	STO207	239	7	63
5	ART15	251	16	61
20	HLS204	272	16	1078
36	ROB7	17	16	890
42	HLL106	185	16	124
51	ROB7	52	10	1144
53	HLL106	36	10	154
68	LOCK105	180	10	607
77	GST102	69	10	821
80	GST103	292	10	426
92	HLL106	-1	40	166
103	LOCK105	126	40	913
110	GST102	62	40	64
142	OBS	141	14	949
145	GST103	233	40	90
161	STO119	226	14	798
165	STO207	105	14	135
216	STO102	159	3	1000
222	STO18	195	3	29
249	WDS	133	3	855
253	HLS11	146	3	1151
259	HLL6	111	3	522
263	HLL112	20	3	159
276	OBS	186	3	947
281	STO119	110	3	1162
286	STO301	56	14	847
310	STO301	199	7	159
342	HLL201	-7	14	1112
358	STO14	268	14	839
394	ARTS8A	77	14	711
410	STO301	21	22	150
414	HLL201	141	22	1110
435	STO14	228	22	568
482	ARTS8A	294	22	186
494	ART15	139	22	373
496	HLS204	122	22	1038
498	ROB7	68	22	415
501	HLL106	137	22	355
503	LOCK105	273	22	809
566	GST102	226	22	208
605	STO207	196	3	984
620	GST103	71	22	74
624	LOCK105	284	16	637
641	HLL6	196	39	118
666	HLL112	57	39	1117
673	OBS	108	39	407
679	STO119	282	39	237
713	STO207	56	39	82
724	STO301	318	39	294
733	LNKL205	106	40	474
736	ART15	311	14	583
17	LNKL309	108	40	
31	UN111	151	40	
109	HLS204	104	14	
125	UN114	-2	40	
131	ESTW115	329	40	
138	GIACSWAN	20	40	
170	MAGILLMR	-3	40	
194	IRADEAREID	292	40	
241	MAGILLHVID	255	40	
302	MARSHAUD	192	40	
345	TAYD	171	40	
362	SHA213	122	40	
543	ROB7	239	14	
580	HLL106	1	14	
587	LOCK105	304	14	
593	GST102	20	14	
596	GST103	30	14	
616	STO119	226	43	
621	LNKL205	257	14	
656	LNKL309	-8	14	
